1 2050315
1 2050293
1 32981
1 2050311
1 32982
1 2050310
1 387802
1 1770707689
1 32964
1 1769832626
2 32981
2 32982
2 32983
2 32984
2 32985
2 32986
2 32987
2 32988
2 32989
2 32990
3 32966
3 32967
3 32968
3 32969
3 32970
3 32971
3 32972
3 32973
3 32974
3 32975
4 32956
4 32957
4 32958
4 32959
4 32960
4 32961
4 32962
4 32963
4 32964
4 32965
5 2050293
5 2050294
5 2050295
5 2050296
5 2050297
5 2050298
5 2050299
5 2050300
5 2050301
5 2050302
5 2050303
5 2050304
5 2050305
5 2050306
5 2050307
5 2050308
5 2050309
5 2050310
5 2050311
5 2050312
5 2050313
5 2050314
5 2050315
5 2050316
5 2050317
5 2050318
5 2050319
5 2050320
5 2050321
5 2050322
6 32905
6 32906
6 32907
6 32908
6 32909
6 32910
6 32911
6 32912
6 32913
6 32914
6 32915
7 387793
7 387794
7 387795
7 387796
7 387797
7 387798
7 387799
7 387800
7 387801
7 387802
7 387803
7 387804
7 387805
8 2072840
8 2072841
8 2072842
8 2072843
8 2072844
8 2072845
8 2072846
8 2072847
8 2072848
8 2072849
8 2072850
9 1769832624
9 1769832625
9 1769832626
9 1769832627
9 1769832628
9 1769832629
9 1769832630
9 1769832631
9 1769832632
9 1769832633
10 1770707680
10 1770707681
10 1770707682
10 1770707683
10 1770707684
10 1770707685
10 1770707686
10 1770707687
10 1770707688
10 1770707689
10 1770707690
11 1768947705
11 1768947706
11 1768947707
11 1768947708
11 1768947709
11 1768947710
11 1768947711
11 1768947712
11 1768947713
11 1768947714
11 1768947715
11 1768947716
11 1768947717
11 1768947718
103 380252
103 380253
103 380254
103 380255
103 380256
103 380257
103 380258
103 380259
103 380260
103 380261
104 124262
104 124263
104 124264
104 124265
104 124266
104 124267
104 124268
104 124269
104 124270
104 124271
104 124272
105 124251
105 124252
105 124253
105 124254
105 124255
105 124256
105 124257
105 124258
105 124259
105 124260
105 124261
106 380206
106 380207
106 380208
106 380209
106 380210
106 380211
106 380212
106 380213
106 380214
106 380215
106 380216
106 380217
106 380218
106 380219
107 380262
107 380263
107 380264
107 380265
107 380266
107 380267
107 380268
107 380269
107 380270
107 380271
107 380272
107 380273
107 380274
107 380275
107 380276
107 380277
107 380278
107 380279
107 380280
107 380281
108 124104
108 124105
108 124106
108 124107
108 124108
108 124109
108 124110
108 124111
108 124112
108 124113
108 124114
108 124115
108 124116
108 124117
108 124118
108 124119
108 124120
108 124121
108 124122
108 124123
108 124124
108 124125
108 124126
108 124127
108 124128
108 124129
109 1770001631
109 1770001632
109 1770001633
109 1770001634
109 1770001635
109 1770001636
109 1770001637
109 1770001638
109 1770001639
109 1770001640
109 1770001641
109 1770001642
109 1770001643
109 1770001644
109 1770001645
109 1770001646
109 1770001647
109 1770001648
109 1770001649
109 1770001650
267 1771128943
267 1771128944
267 1771128942
267 1771128945
267 1771128946
267 1771128947
267 1771128948
267 1771128949
267 1771128950
267 1771128951
267 1771128952
273 3133036
273 3133037
273 3133038
273 3133039
273 3133040
273 3133041
273 3133042
273 3133043
273 3133044
273 3133045
273 3133046
273 3133047
273 3133048
273 3133049
112 74559
112 386443
112 74214
112 74790
112 377521
112 75032
112 75042
112 1769743441
112 74560
112 377465
112 75333
112 390654
112 3399771
112 74799
113 1769647379
113 1769647380
113 1769647381
113 1769647382
113 1769647383
113 1769647384
113 1769647385
113 1769647386
113 1769647387
113 1769647388
113 1769647389
113 1769647390
113 1769647391
113 1769647392
113 1769647393
114 377479
114 377480
114 377481
114 377482
114 377483
114 377484
114 377485
114 377486
114 377487
114 377488
114 1769500478
114 1769500479
115 74125
115 74126
115 74127
115 74128
115 74129
115 74130
115 74131
115 74132
115 74133
115 74134
115 74135
115 74136
115 74137
115 74138
115 74139
115 74140
115 74141
115 74142
115 74143
115 74144
115 74145
115 74146
115 74147
115 74148
115 74149
115 74150
115 74151
115 74152
115 74153
115 74154
115 74155
115 74156
115 74157
115 74158
115 74159
115 74160
115 74161
115 74162
115 74163
115 74164
115 74165
116 74191
116 74192
116 74193
116 74194
116 74195
116 74196
116 74197
116 74198
116 74199
116 74200
116 74201
116 74202
116 74203
116 74204
116 74205
116 74206
116 74207
116 74208
116 74209
116 74210
116 74211
116 74212
116 74213
116 74214
116 74215
117 74483
117 74484
117 74485
117 74486
117 74487
117 74488
117 74489
117 74490
117 74491
117 74492
117 74493
117 74494
117 74495
118 74557
118 74558
118 74559
118 74560
118 74561
118 74562
118 74563
118 74564
118 74565
118 74566
118 74567
119 74645
119 74646
119 74647
119 74648
119 74649
119 74650
119 74651
119 74652
119 74653
119 74654
119 74655
119 74656
119 74657
119 74658
119 74659
120 377429
120 377430
120 377431
120 377432
120 377433
120 377434
120 377435
120 377436
120 377437
120 377438
120 377439
120 377440
120 377441
120 377442
120 377443
120 377444
120 377445
120 377446
120 377447
120 377448
120 377449
120 377450
120 377451
120 377452
120 377453
120 377454
120 377455
120 377456
120 377457
126 1769529104
126 1769529105
126 1769529106
126 1769529107
126 1769529108
126 1769529109
126 1769529110
126 1769529111
126 1769529112
126 1769529113
126 1769529114
126 2605301
126 2605302
126 2605303
126 2605304
126 2605305
126 2605306
126 2605307
126 2605308
126 2605309
126 2605310
126 2605311
127 3655205
127 3655206
127 3655207
127 3655208
127 3655209
127 3655210
127 3655211
127 3655212
127 3655213
127 3655214
127 3655215
127 3655216
127 3655217
127 3655218
127 3655219
128 1492803
128 1492804
128 1492805
128 1492806
128 1492807
128 1492808
128 1492809
128 1492810
128 1492811
128 1492812
128 1492813
128 1492814
128 1492815
128 1492816
129 1769509132
129 1769509133
129 1769509134
129 1769509135
129 1769509136
129 1769509137
129 1769509138
129 1769509139
129 1769509140
129 1769509141
129 1769509142
129 1769509143
129 1769509144
129 1769509145
129 1769509146
129 1769509147
129 1769509148
129 1769509149
129 1769509150
129 1769509151
129 1769509152
129 1769509153
129 1769509154
129 1769509155
129 1769509156
129 1769509157
129 1769509158
129 1769509159
129 1769509160
129 1769509161
129 1769509162
129 1769509163
129 1769509164
129 1769509165
129 1769509166
129 1769509167
129 1769509168
129 1769509169
129 1769509170
129 1769509171
129 1769509172
129 1769509173
129 1769509174
129 1769509175
129 1769509176
129 1769509177
129 1769509178
129 1769509179
129 1769509180
129 1769509181
144 2103335
144 1769167647
144 1770182611
144 1769945814
144 1770160772
144 1769167648
144 2088669
144 2088663
144 3658234
144 3658231
144 1769250903
144 392311
145 2088663
145 2088664
145 2088665
145 2088666
145 2088667
145 2088668
145 2088669
145 2088670
145 2088671
145 2088672
145 2088673
146 1769250901
146 1769250902
146 1769250903
146 1769250904
146 1769250905
146 1769250906
146 1769250907
146 1769250908
146 1769250909
146 1769250910
147 3658231
147 3658232
147 3658233
147 3658234
147 3658235
147 3658236
147 3658237
147 3658238
147 3658239
147 3658240
147 3658241
148 1769167642
148 1769167643
148 1769167644
148 1769167645
148 1769167646
148 1769167647
148 1769167648
148 1769167649
148 1769167650
148 1769167651
148 1769167652
149 1770182609
149 1770182610
149 1770182611
149 1770182612
149 1770182613
149 1770182614
149 1770182615
149 1770182616
149 1770182617
149 1770160772
149 1770182619
150 1769945812
150 1769945813
150 1769945814
150 1769945815
150 1769945816
150 1769945817
150 1769945818
150 1769945819
150 1769945820
150 1769945821
150 1769945822
150 1769945823
150 1769945824
150 1770189727
150 1770189728
150 1770189729
150 1770189730
314 1770990303
314 1771093939
314 1771093940
314 1771093941
314 1771039797
314 1771093943
314 1771093944
314 1771093945
314 1771093946
314 1771093947
314 1771113009
314 1771113010
314 1771113011
314 1771113012
314 1771113013
153 392387
153 392388
153 392389
153 392390
153 392391
153 392392
153 392393
153 392394
153 392395
153 392396
154 1769576510
154 1769576511
154 1769576512
154 1769576513
154 1769576514
154 1769576515
154 1769576516
154 1769576517
154 1769576518
154 1769576519
156 2133306
156 2133302
156 2133312
156 2133308
156 2133305
156 2133304
156 2133303
156 2133307
156 2133309
156 2133313
156 2133310
156 2133311
159 29589
159 29588
159 29654
159 29609
159 29656
159 29657
159 29658
159 29659
159 29661
159 388372
159 3320363
159 29568
159 29574
159 29587
161 29559
161 29560
161 29561
161 29562
161 29563
161 29564
161 29565
161 29566
161 29567
161 29568
161 29569
161 29570
161 29571
161 29572
161 29573
161 29574
161 29575
161 29576
161 29577
161 29578
161 29579
161 29580
161 29581
161 29582
161 29583
161 29584
161 29585
161 29586
162 29652
162 29653
162 29654
162 29655
162 29656
162 29657
162 29658
162 29659
162 29660
162 29661
162 29663
162 1769595616
163 29640
163 29641
163 29642
163 29643
163 29644
163 29645
163 29646
163 29647
163 29648
163 29649
163 29650
163 29651
163 1769689851
164 29608
164 29609
164 29610
164 29611
164 29612
164 29613
164 29614
164 29615
164 29616
164 29617
164 29618
164 29619
165 29587
165 29588
165 29589
165 29590
165 29591
165 29592
165 29593
165 29594
165 29595
165 29596
165 29597
165 29598
165 29599
165 29600
165 29601
165 29602
165 29603
166 388365
166 388366
166 388367
166 388368
166 388369
166 388370
166 388371
166 388372
166 388373
166 388374
166 1769166626
166 1769166627
167 135635
167 135430
167 135647
167 135423
167 135658
167 135645
167 135539
167 135428
168 1770742760
168 1770742761
168 1770742762
168 1770744375
168 1770744362
168 1770984746
168 1770742759
168 1770984747
168 1770984748
168 1770984749
168 1770984753
168 1770984754
168 1770984755
168 1770984756
168 1770984757
185 1289309
185 1289242
185 1289243
185 1289244
185 1289245
185 1289246
185 1289247
185 1289272
185 1289273
185 1289274
185 1289275
185 1289374
186 152454
186 152453
186 152446
186 152452
186 152445
186 152447
186 152448
186 152449
186 152450
186 152451
187 152509
187 152510
187 152511
187 152512
187 152513
187 152514
187 152515
187 152516
187 152517
187 152518
188 152400
188 152401
188 152402
188 152403
188 152404
188 152405
188 152406
188 152407
188 152408
188 152409
188 152410
188 152411
188 152412
188 152413
188 152414
189 152482
189 152483
189 152484
189 152485
189 152486
189 152487
189 152488
189 152489
189 152490
189 152491
189 152492
190 84277
190 84278
190 84275
190 84276
190 84285
190 84279
190 84280
190 84281
190 84282
190 84283
190 84284
190 84286
190 84287
190 84288
190 84289
190 84290
190 84291
191 1769648588
191 1769648589
191 1769648590
191 1769648591
191 1769648592
191 1769648593
191 1769648594
191 1769648595
191 1769648596
191 1769648597
191 1769648598
191 1769648599
191 1769648600
191 1769648601
191 1769648602
191 1769648603
191 1769648604
191 1769648605
191 1769648606
191 1769648607
191 1769648608
191 1769648609
191 1769648610
191 1769648611
191 1769648612
191 1769648613
191 1769648614
191 1769648615
192 1770860253
192 1770860254
192 1770860255
192 1770860256
192 1770860257
192 1770860258
192 1770860259
192 1770860260
192 1770860261
192 1770860262
192 1770860263
192 1770860264
192 1770860265
192 1770860266
192 1770860267
192 1770860268
192 1770860269
193 1769122807
193 1769122808
193 1769122809
193 1769122810
193 1769122811
193 1769122812
193 1769122813
193 1769122814
193 1769122815
193 1769122816
193 1769122817
193 1769354502
194 394302
194 394303
194 394304
194 394305
194 394306
194 394307
194 394308
194 394309
194 394310
194 394311
194 2104174
195 84292
195 84306
195 84304
195 84293
195 84295
195 84307
195 84296
195 84297
195 84298
195 84294
195 84299
195 84300
195 84301
195 84302
195 84303
195 84305
195 84308
195 84309
195 84310
195 84311
195 84312
195 84313
195 84314
195 84315
196 84316
196 84317
196 84318
196 84319
196 84320
196 84321
196 84322
196 84323
196 84324
196 84325
196 84326
196 84327
196 84328
196 84329
197 84337
197 84338
197 84339
197 84340
197 84341
197 84342
197 84343
197 84344
197 84345
197 84346
197 84347
197 84348
197 84349
197 84350
197 84351
198 84352
198 84353
198 84354
198 84355
198 84356
198 84357
198 84358
198 84359
198 84360
198 84361
198 84362
198 84363
271 1771204802
271 1771130236
200 111357
200 2078895
200 111329
200 111328
200 111353
200 111358
200 111359
200 111343
200 111346
200 111327
200 111330
200 111331
200 111333
200 111342
200 2078897
200 2078899
200 2078883
204 1770766507
204 2314613
204 1769213851
204 1770264728
204 1770905827
204 2314607
204 2314605
204 3484269
204 1768995853
204 1768995855
204 1768995860
204 1769213853
204 1769213855
204 1769213857
204 1770264719
204 1770264720
204 1770264721
204 1770264722
204 1770264724
205 2314603
205 2314604
205 2314605
205 2314606
205 2314607
205 2314608
205 2314609
205 2314610
205 2314611
205 2314612
205 2314613
205 2314614
205 2314615
205 2314616
205 2314617
205 2314618
205 2314619
205 2314620
205 2314621
205 2314622
205 2314623
205 2314624
205 2314625
205 2314626
206 1768995853
206 1768995854
206 1768995855
206 1768995856
206 1768995857
206 1768995858
206 1768995859
206 1768995860
206 1768995861
206 1768995862
206 1768995863
206 1768995864
206 1769085075
206 1769085076
206 1769085077
206 1769085078
206 1769085079
206 1769085080
206 1769085081
206 1769085082
206 1769085083
206 1769085084
207 1769213850
207 1769213851
207 1769213852
207 1769213853
207 1769213854
207 1769213855
207 1769213856
207 1769213857
207 1769213858
207 1769213859
208 1769607385
208 1769607386
208 1769607387
208 1769607388
208 1769607389
208 1769607390
208 1769607391
208 1769607392
208 1769607393
208 1769607394
208 1769607395
208 1769607396
208 1769607397
208 1769607398
208 1769607399
208 1769607400
208 1769607401
208 1769607402
208 1769607403
208 1769607404
208 1769607405
208 1769607406
208 1769607407
208 1769607408
208 1769607409
208 1769607410
208 1769607411
208 1769607412
208 1769607413
208 1769607414
208 1769607415
209 1770264719
209 1770264720
209 1770264721
209 1770264722
209 1770264723
209 1770264724
209 1770264725
209 1770264726
209 1770264727
209 1770264728
209 1770264729
209 1770264730
209 1770264731
209 1770264732
210 1770381226
210 1770381227
210 1770381228
210 1770381229
210 1770381230
210 1770381231
210 1770381232
210 1770381233
210 1770381234
210 1770381235
210 1770381236
210 1770381237
211 1770766496
211 1770766497
211 1770766498
211 1770766499
211 1770766500
211 1770766501
211 1770766502
211 1770766503
211 1770766504
211 1770766505
211 1770766506
211 1770766507
211 1770766508
211 1770766509
211 1770766510
211 1770766511
211 1770766512
211 1770766513
211 1770766514
211 1770766515
211 1770766516
211 1770766517
211 1770766518
211 1770766519
211 1770766520
212 1771005413
212 1770959670
212 1770959671
212 1770959672
212 1770959673
212 1770959674
212 1770959675
212 1770959676
212 1770959677
212 1770959678
212 1771005415
212 1770959679
212 1770959680
217 388385
217 388386
217 388387
217 388388
217 388389
217 388390
217 388391
217 388392
217 388393
217 388394
217 388395
217 388396
217 388397
217 388398
217 388399
217 388400
217 1770062238
217 388401
217 388402
217 388403
217 388404
217 388405
217 388406
217 388407
217 388408
217 388409
217 388410
217 388411
217 388412
217 388413
217 388414
217 388415
218 19375
218 19376
218 19377
218 19378
218 19379
218 19380
218 19381
218 19382
218 19383
218 19384
218 19385
218 19386
218 19387
218 19388
218 19389
218 19390
218 19391
218 19392
218 19393
218 19394
218 19395
218 19396
218 19397
218 19398
218 19399
218 19400
218 19401
218 19402
218 19403
218 19404
218 19405
218 19406
218 19407
218 19408
218 19409
219 1769016534
219 1769016535
219 1769016530
219 1769016537
219 1769016538
219 1769016532
219 1769016531
219 1769016528
219 1769016529
219 1769016526
219 1769016527
219 1769016533
219 1769016536
220 378397
220 378394
220 378395
220 378396
220 378398
220 378399
220 378400
220 378401
220 378402
220 378403
221 378364
221 378365
221 378366
221 378367
221 378368
221 378369
221 378370
221 378371
221 378372
221 378373
222 152556
222 152557
222 152558
222 152559
222 152560
222 152561
222 152562
222 152563
222 152564
222 152565
222 152566
222 152567
222 152568
222 152569
222 152570
222 152571
222 152572
222 152573
222 152574
222 152575
223 1770040320
223 1770040321
223 1770040322
223 1770040323
223 1770040324
223 1770040325
223 1770040326
223 1770040327
223 1770040328
223 1770040329
231 378604
231 378605
231 378606
231 378607
231 378608
231 378609
231 378610
231 378611
231 378612
231 378613
231 378614
231 378615
231 378616
231 378617
231 378618
231 378619
232 191570
232 191571
232 191572
232 191573
232 191574
232 191575
232 191576
232 191577
232 191578
232 191579
232 191580
232 191581
232 191582
232 191583
232 191584
232 191585
232 191586
232 191587
232 191588
232 191589
232 191590
232 191591
232 191592
232 191593
232 191594
232 191595
232 191596
232 191597
232 191598
232 191599
232 191600
232 191601
232 191602
232 191603
232 191604
233 191555
233 191556
233 191557
233 191558
233 191559
233 191560
233 191561
233 191562
233 191563
233 191564
233 191565
233 191566
233 191567
233 191568
233 191569
234 378576
234 378572
234 378582
234 378578
234 378580
234 378581
234 378575
234 378571
234 378579
234 378577
234 387258
234 387259
234 387260
241 1770549488
241 1770549489
241 1770549494
241 1770549492
241 1770549490
241 1770549493
241 1770549495
241 1770549496
241 1770549497
241 1770549491
242 376141
242 376142
242 376143
242 376144
242 376145
242 376146
242 376147
242 376148
242 376149
242 376150
242 376151
242 376152
243 376130
243 376131
243 376132
243 376133
243 376134
243 376135
243 376136
243 376137
243 376138
243 376139
243 376140
244 170789
244 170790
244 170791
244 170792
244 170793
244 170794
244 170795
244 170796
244 170797
244 170798
244 170799
244 170800
244 170801
244 170802
244 170803
244 170804
245 376120
245 376121
245 376122
245 376123
245 376124
245 376125
245 376126
245 376127
245 376128
245 376129
246 1768935081
246 1768935082
246 1768935083
246 1768935084
246 1768935085
246 1768935086
246 1768935087
246 1768935088
246 1768935089
246 1768935090
247 170779
247 170780
247 170781
247 170782
247 170783
247 170784
247 170785
247 170786
247 170787
247 170788
248 170832
248 170833
248 170834
248 170835
248 170836
248 170837
248 170838
248 170839
248 170840
249 170841
249 170842
249 170843
249 170844
249 170845
249 170846
249 170847
249 170848
249 170849
254 151852
254 151804
254 151856
254 151854
254 151782
254 151788
254 151858
254 151843
254 151842
254 151803
256 378767
256 378768
256 378769
256 378775
256 378770
256 378771
256 378772
256 378773
256 378774
256 378776
257 378757
257 378762
257 378758
257 378759
257 378760
257 378761
257 378763
257 378764
257 378765
257 378766
258 16021
258 16022
258 16023
258 16024
258 16025
258 16026
258 16027
258 16028
258 16029
258 16030
259 378778
259 378777
259 378779
259 378780
259 378781
259 378782
259 378783
259 378784
259 378785
259 378786
260 3341619
260 3341620
260 3341621
260 3341622
260 3341623
260 3341624
260 3341625
260 3341626
260 3341627
260 3341628
261 3391497
261 1769274442
261 1769274443
261 1769274444
261 1769274445
261 1769274446
261 1769250257
261 1769274448
261 1769274449
261 1769274450
261 1769274451
261 1769274452
262 1770681775
262 1769855050
262 1770681777
262 1770681778
262 1770681779
262 1770317456
262 1770562446
262 1770681782
262 1770681783
262 1770681784
262 1770681785
263 3295284
263 3295285
263 3295287
263 3295289
263 3295292
263 3295283
263 3295286
263 3295288
263 3295290
263 3295291
263 3295293
263 3295294
264 1769097890
264 1769097889
264 1769097887
264 1769097888
264 1769097891
264 1769097892
264 1769097893
264 1769097894
264 1769097895
264 1769097896
264 1769097897
264 1769097898
270 374086
270 374068
270 159665
270 159678
270 374079
270 374168
270 374190
270 159913
270 159914
270 374102
270 159671
270 374100
270 374069
274 2605073
274 1769569670
274 2606292
274 2606291
274 3637138
274 2606304
274 2606295
274 2606293
274 2606297
274 2606296
274 2605087
274 3637139
274 3423807
274 1770270068
274 2606299
274 1769180251
274 2606303
274 2606290
274 3637152
274 1769570699
274 1770270081
274 1769675552
274 1770631726
274 2606298
274 1770270064
274 2606294
274 1770270095
274 1719829
274 1769569667
274 1719844
274 1769675554
274 1770352146
274 2606300
274 1769097049
274 1769097050
274 1769097048
274 2606305
274 1770270065
274 1769097054
274 3414714
274 2606302
274 1770270082
274 1770272602
274 1719834
274 3414716
274 1770270069
274 1770270080
274 1769675553
274 2605715
274 3637154
282 110215
282 110216
282 110217
282 110218
282 110219
282 110220
282 110221
282 110222
282 110223
282 110224
283 110205
283 110207
283 110209
283 110213
283 110206
283 110208
283 110210
283 110211
283 110212
283 110214
284 393376
284 393378
284 393377
284 393379
284 393380
284 393381
284 393382
284 393383
284 393384
284 393385
284 393386
284 393387
286 1768969825
286 1768969804
286 1768969805
286 1768969806
286 1768969820
286 1768969801
286 1768969808
286 1768969819
286 1768969814
286 1768969823
286 1768969807
286 1768969816
286 1768969803
286 1768969815
286 1768969800
286 1768969818
286 1768969802
286 1768969809
286 1768969810
286 1768969811
286 1768969812
286 1768969813
286 1768969817
286 1768969822
286 1768969821
286 1768969826
286 1768969827
290 163178
290 163163
290 163114
290 1768958963
290 163184
290 163144
290 377713
290 163111
290 163130
290 163112
290 163118
290 377706
290 163148
290 163177
290 377744
290 163248
290 163161
290 163291
290 163155
290 163149
291 1770196996
291 1770153576
291 1770153577
291 1770153578
291 1770153579
291 1770153580
291 1770153581
291 1770153582
291 1770153583
291 1770153584
291 1770263366
291 1770263367
291 1770270293
292 1770037568
292 1770037569
292 1770037570
292 1770037571
292 1770037572
292 1770037573
292 1770037574
292 1770037575
292 1770037576
292 1770037577
292 1770037578
292 1770037579
292 1770037580
292 1770037581
292 1770037582
292 1770037583
292 1770037584
292 1770037585
292 1770037586
292 1770037587
292 1770037588
292 1770037589
292 1770037590
292 1770037591
292 1770037592
292 1770037593
292 1770037594
292 1770037595
292 1770037596
293 1768958960
293 1768958961
293 1768958962
293 1768958963
293 1768958964
293 1768958965
293 1768958966
293 1768958967
293 1768958968
293 1768958969
293 1768958970
293 1769074586
293 1769131127
294 377705
294 377706
294 377707
294 377708
294 377709
294 377710
294 377711
294 377712
294 377713
294 377714
294 377715
294 377716
294 1770409358
295 163111
295 163112
295 163113
295 163114
295 163115
295 163116
295 163117
295 163118
295 163119
295 163120
295 163121
295 163122
295 163123
295 163124
295 163125
295 163126
296 163127
296 163128
296 163129
296 163130
296 163131
296 163132
296 163133
296 163134
296 163135
296 163136
296 163137
296 163138
296 163139
296 163140
296 163141
296 163142
297 163143
297 163144
297 163145
297 163146
297 163147
297 163148
297 163149
297 163150
297 163151
297 163152
297 163153
297 163154
297 163155
297 163156
297 163157
297 163158
298 163159
298 163160
298 163161
298 163162
298 163163
298 163164
298 163165
298 163166
298 163167
298 163168
298 163169
298 163170
298 163171
298 163172
298 163173
298 163174
299 163175
299 163176
299 163177
299 163178
299 163179
299 163180
299 163181
299 163182
299 163183
299 163184
299 163185
299 163186
299 163187
299 163188
299 163189
299 163190
300 163527
300 163528
300 163529
300 163530
300 163531
300 163532
300 163533
300 163534
300 163535
300 163536
308 31384
308 381804
308 2118488
308 2118494
308 2118489
308 381784
308 1769248469
308 1770435491
308 2118491
308 393491
308 1770435492
308 1770435493
308 2118501
308 2118493
308 2118492
308 1769248461
308 1769248460
308 31382
308 381805
308 381811
310 2072546
310 2072543
310 2072545
310 2072547
310 2072551
310 2072548
310 2072549
310 2072550
310 2072544
311 1022372
311 3445584
311 3596943
311 1495938
311 3415337
311 2140338
311 1835292
311 3670152
311 1769385808
311 1769772755
311 1283216
311 1697787
311 2088864
311 3320101
311 1768985446
311 2091695
311 3484474
311 2552384
311 1768967981
311 200107
311 1769198365
311 3680711
311 3259639
311 3541673
312 1165240
312 3562578
312 3368520
312 2780617
312 1191413
312 1597349
312 1770153
312 3365845
312 1333467
312 2052317
312 1769517803
312 1769526243
312 3666620
312 1458763
312 3588382
312 1769025680
312 1390029
312 1333147
312 1191418
312 3593307
312 3504463
312 3449500
312 3141873
312 1813291
313 2554151
313 1769691657
313 1843271
313 1011884
313 2552559
313 1412106
313 2088073
313 1769176495
313 1014826
313 1769409185
313 1007407
313 1769039370
313 2554137
313 1562173
313 3488409
313 1768940408
313 3486203
313 1083760
313 1067647
313 2103991
313 2090657
313 2098516
313 1885942
315 2073769
315 2073770
315 2073771
315 2073772
315 2073773
315 2073774
315 2073775
315 2073776
315 2073777
315 2073778
315 2073779
315 2073780
315 2073781
315 1769587874
315 1769589412
315 1769589413
315 1769589414
315 1769589415
316 2073785
316 2073786
316 2073787
316 2073788
316 2073789
316 2073790
316 2073791
316 2073792
316 2073793
316 2073794
316 2073795
316 2073796
316 2073797
316 2073798
316 1769227812
316 1769227813
316 1769227814
316 1769227815
317 2073834
317 2073835
317 2073836
317 2073837
317 2073838
317 2073839
317 2073840
317 2073841
317 2073842
317 2073843
317 2073844
317 2073845
317 1769487383
317 1769178705
317 1769487264
317 1769491759
317 1770688335
317 1769593408
317 1769593409
318 1769102067
318 1769102068
318 1769102069
318 1769102070
318 1769102071
318 1769102072
319 1769863673
319 1769863674
319 1769863675
319 1769863676
319 1769863677
319 1769863678
319 1769863679
319 1769863680
319 1769863681
319 1769863682
319 1769863683
319 1769863684
319 1769863685
319 1769863686
319 1769863687
319 1769863688
319 1769863689
319 1769863690
319 1769863691
319 1769863692
319 1769863693
320 1769908796
320 1769908797
320 1769908798
320 1769908799
320 1769908800
320 1769908801
320 1769908802
320 1769908803
320 1769908804
320 1769908805
321 2073817
321 2901708
321 1769487263
321 1769491741
321 1770189753
321 1769532305
321 1769516727
324 130717
324 130718
324 130719
324 130720
324 130721
324 130722
324 130723
324 130724
324 130725
324 130726
324 130727
324 130728
324 130729
324 130730
324 130731
324 130732
324 130733
324 130734
324 130735
324 130736
324 130737
324 130738
324 130739
324 130740
324 130741
324 130742
324 130743
324 130744
324 130745
324 130746
324 130747
324 130748
324 130749
324 130750
324 130751
324 130752
324 130753
324 130754
324 130755
325 130756
325 130757
325 130758
325 130759
325 130760
325 130761
325 130762
325 130763
325 130764
325 130765
325 130766
325 130767
325 130768
325 130769
325 130770
326 1769471862
326 1769471863
326 1769471864
326 1769471865
326 1769471866
326 1769471867
326 1769471868
326 1769471869
326 1769471870
326 1769471871
327 2048763
327 2048764
327 2048765
327 2048766
327 2048767
327 2048768
327 2048769
327 2048770
327 2048771
327 2048772
327 2048773
327 2048774
327 2048775
327 2048776
327 2048777
327 2048778
328 393304
328 393305
328 393306
328 393307
328 393308
328 393309
328 393310
328 393311
328 393312
328 393313
328 393314
329 375148
329 375149
329 375150
329 375151
329 375152
329 375153
329 375154
329 375155
329 375156
329 375157
329 375158
329 375159
329 375160
330 375161
330 375162
330 375163
330 375164
330 375165
330 375166
330 375167
330 375168
330 375169
330 375170
331 375185
331 375186
331 375187
331 375188
331 375189
331 375190
331 375191
331 375192
331 375193
331 375194
331 375195
331 1769606159
331 1769606160
331 1769606161
331 1769606162
331 1769606163
331 1769606164
332 375138
332 375139
332 375140
332 375141
332 375142
332 375143
332 375144
332 375145
332 375146
332 375147
333 130811
333 130812
333 130813
333 130814
333 130815
333 130816
333 130817
333 130818
333 130819
333 130820
333 130821
333 130822
333 130823
333 130824
333 130825
333 130826
333 130827
333 130828
333 130829
333 130830
333 130831
333 130832
333 130833
333 130834
333 130835
333 130836
334 130858
334 130859
334 130860
334 130861
334 130862
334 130863
334 130864
334 130865
334 130866
334 130867
335 124532
335 124551
335 2112682
335 124549
335 124920
335 380117
335 124547
335 124544
335 124479
335 124481
335 124840
335 124550
335 124541
335 124530
335 124529
335 124488
335 124472
335 3620144
335 1771130796
