151082
151083
151084
151085
151086
151087
151088
151089
151090
151091
151050
151051
151052
151053
151054
151055
151056
151057
151058
151059
151071
151072
151073
151074
151075
151076
151077
151078
151079
151080
151081
150920
150921
150922
150923
150924
150925
150926
150927
150928
150929
150930
150896
150897
150898
150899
150900
150901
150902
150903
150904
150905
150906
150907
150908
150909
150910
150911
150912
150913
150914
150915
150916
150917
150918
150919
1771516563
1771516564
1771516565
1771516566
1771516567
1771516568
1771516569
1771516570
1771516571
1771516572
1771516573
1771516574
1771516575
1771516576
1771516577
1771516578
1771516579
1771516580
1771516581
1771516582
1771516583
1771516584
1771516585
1771516586
1771516587
1771516588
1771516589
1771516590
1771516591
1771516592
1771516593
1771516594
1771516595
1771516596
1771516597
1771516598
150932
150933
150934
150935
150936
150937
150938
150939
150940
150941
150942
150943
150944
150945
150946
150947
150948
150949
150950
150951
150952
150953
150954
